5099274
7821582
3713506
9094369
2769424
1245762
3301229
9662943
3997867
2085018
2192588
1504111
7058942
3423535
8303265
1207741
5249471
6039955
1396662
9194303
5410906
3058561
8953715
8101007
4801257
3428399
7580017
9948375
9638022
9205749
5377888
3880847
6591182
9787857
4202355
1183540
5026411
3893883
6846790
4534278
4134645
4826613
6429160
9249256
5570463
7084643
4935871
8742799
7610833
5195968
1868226
1330753
3042239
3510530
4777367
3504431
2638444
1525250
4520480
1921765
9271413
1217305
5461435
3564424
9987072
6055157
2580693
8601889
5438174
4889958
9540303
8108105
3392816
5122873
3541376
1810379
5528930
6133063
2134005
3081493
8677042
2407567
7776812
3512161
4631298
3385120
4716189
7401831
5913757
3803297
2532722
9568892
9999551
3837755
6776025
3163669
2627946
7770952
5266296
6706353
8169275
4184338
9529829
8156465
1583975
1983594
5223553
8825481
5077210
2633091
5753686
2762474
8990282
1376402
1882473
8090662
2914535
9792487
8288066
5610700
6449887
6525380
7593898
3686964
9621219
8065827
4832367
2242636
9976717
4101348
9052651
5308424
7029878
2763282
8534679
7215274
7070320
8556719
9293424
6983746
8567820
8008653
6365213
9138048
4834413
4128654
2002695
7607131
4619512
8920211
8171873
9239414
1876686
7991341
3183558
7364479
7200167
8196590
2135244
5003376
2342790
9590093
6825921
9279186
7773789
6218246
8286631
6539733
7959272
9840386
5417119
1914750
9742557
7226286
8514339
3947365
2047170
6182961
7985620
8594258
6525423
3910478
4611595
5376699
8460916
2482918
6837314
9728594
2586989
3078303
3527511
9714627
2679749
4219938
8128454
9273337
9734845
7597649
7530463
2111648
7040227
5363013
6888009
9839751
3752583
2134903
9511622
8369953
6592852
5468617
5841736
9940693
1384047
4118278
1577149
4300819
6059289
4483132
1299546
2776021
1655145
4000726
5644177
9409489
9596000
9404465
2297511
3065019
9207527
4849105
9919594
2576344
7574641
7185340
1481724
4877774
4696678
2256559
3911140
8505694
3309212
1975149
6279836
1226022
1866782
2581181
1815665
6214182
1323680
5731088
5152074
6460449
6608580
6667948
3731182
9034992
3599970
3351958
4143516
5924467
9247573
4143117
1182471
9015431
9319899
2405265
4588683
3409869
7575187
3992337
4841887
9182935
3292447
6318627
2732898
7801556
4390259
9051322
4041186
6279515
9314133
9603789
3641235
1362393
7763073
9495918
3900912
3906134
1221053
3863136
6116581
8611170
5090598
3889265
4546945
2480146
9336267
9180994
8594737
4378231
7415703
2890958
4406572
2007295
1355123
8295756
3894151
8425699
6516409
1188924
1626177
6101681
2576781
9684738
6992334
6487638
7682869
9581202
4421354
6339833
5075029
5959023
4362682
9006551
2515317
5305013
9328400
7804552
2210538
4350818
3175600
3705145
8894772
1235099
1522730
2600825
3241548
9839612
2895226
1140573
1282861
9896522
6539913
8292942
9060003
3971086
3536226
1532838
7400616
7897758
1578086
4543161
7753626
6369073
9374520
9072951
8913804
3656531
5247315
5006352
3261231
2885139
8830726
5512476
8073062
3648014
3098008
1230483
3350926
9654233
3322259
9690002
4967946
9796651
6040421
6339205
1509224
6632508
7519995
7671385
1324306
2898094
2671324
8401575
1151684
5858123
2409303
1220390
1656234
6047438
8372089
7965094
1829524
2116403
6052461
4877626
5055802
3740139
3657361
5395587
4826260
2112620
6467200
2109523
8751871
2063904
9723348
7385046
7398289
7214375
3651538
4907965
2093366
5442170
3407116
7708520
7375929
3253611
8882783
7790792
3282274
2397716
7362620
1629934
9616719
5481380
4420276
4329470
8791598
8484838
9029386
2783830
4243725
4633043
4643721
6414845
6980005
2879577
4866966
3362004
3873853
7296643
9468951
7298149
5679369
5078697
3107888
1506412
9457399
2906688
6540165
9209884
3145834
4391946
7584765
6862778
7445938
4092727
8881615
6197748
7849684
2020110
3415268
1658538
8375843
7364868
6153758
2353000
9717697
1213647
9045166
2396462
6046573
8785455
8886987
1244796
4980812
5124666
1672760
8725671
8599220
4327852
8140623
5152463
3697982
4315641
7122388
7103397
7398936
6072871
6071228
9623406
4619775
3834709
1432362
7991295
2261226
8829241
2226427
3811052
5775028
9722500
2463554
4338061
6377471
7242871
9237378
9402941
2783322
2560257
2278742
5453907
7237038
3265397
5190782
1704918
7329452
3054368
9650394
5339180
6796174
1693685
9152730
7310247
1615028
8993648
1189722
8281725
7606088
3205741
4434480
4805144
6699010
3874289
5571146
5330723
6753188
8649951
7789727
7232400
7020402
9228224
2341367
7336114
9680843
2129799
6578343
6791346
1378631
5652765
2832995
3532576
8677365
7771667
2818683
8927871
1307432
9126164
1654844
6041330
2972928
7592890
7726478
8050634
4950768
1412169
3019613
3293966
8355641
2612057
6426143
3538297
1577263
5394285
7950130
1678894
2136446
8106063
5081685
9611056
7036888
6356433
5804647
9563489
6902004
3790350
6910888
4310747
3788771
2763083
7162505
5237267
1903543
6114270
8876883
6821886
1761507
4998304
8139511
6975057
5149205
3293714
4421562
3071594
6264539
4465292
5942132
9210199
1122308
1192902
8930050
6131419
2046648
6650336
8721431
3319212
3728802
7279637
5561680
4875362
3755728
7221501
9818228
3008118
7525138
2694786
9874073
6708360
3250163
1798733
9976476
7532085
5222174
8925847
5305101
6855037
9215958
8738190
2314103
1816023
1405609
2189226
3297417
4936606
9922092
2333325
8677668
6772880
6758747
5667330
5495729
6405461
9432290
1443280
7409098
8626538
2432595
6716083
3180579
2789444
2388879
6736632
9286014
9573548
5951708
7573910
1612835
2525479
6606791
5209536
6706698
5083278
7774777
8475126
1149851
6966071
3526840
7981327
4583402
8904905
7497359
6231461
3352034
4921231
8487550
7160486
8776910
9628274
9512452
6745470
2679488
9305293
8840746
5397731
2775940
1607757
1591361
6440638
8231706
4400490
8362303
4615600
5765120
1951309
6701516
1510628
8493439
2162853
7456283
8294813
6528515
1603236
5978545
9487159
6589932
3027303
7893551
2478063
6241114
8387972
9436556
8115097
1262737
8014547
4025710
1410582
1403645
6916658
9428153
8301387
5977735
6189004
2396178
9225251
8180181
9568439
8106860
3619011
2241469
4957086
4646101
8712595
1480131
5292914
9910880
2135530
4293236
2288808
4093225
6974074
7757407
4954938
2384737
3851456
2651279
5808859
3939426
6831894
4459499
9663990
1807003
6160828
8315741
9171658
5000296
9152882
1993674
6153878
3771749
5398514
5611174
4539507
4731802
6001820
5634998
2137003
4545896
1728237
1947974
7025605
5486110
7616554
3025226
2170489
2515926
2563242
7196440
3412678
7924691
2840756
1743742
9902845
4768494
1225798
6414033
4358103
9923765
5433407
9381747
7735627
7682046
6425568
9878537
2289684
4544443
3809071
5793828
9410298
2244408
6415309
1883234
7144922
3030539
5970925
3870545
7153782
4891161
4930840
8932585
3296463
1841474
6088096
2596022
2475379
8354748
9867940
7479115
7358526
9374262
8597167
7512285
6880367
7662899
4543585
5569031
2071208
5864831
9303824
5832409
4445008
3215091
7648056
9460871
6323152
9378931
5759640
4709486
1728408
7390032
2279587
4987649
3094943
3886179
7566574
2638131
8738293
7972527
3547725
6675875
2320242
7707006
5025494
1282421
4515393
3186931
2137868
9364965
4640214
5902733
1823470
6094292
7522892
3575336
6019512
8840290
1960175
2849049
9529625
6042848
7583280
3145861
6134724
2443630
4507578
8687656
6503960
8248876
5167524
3630038
9158383
4318776
3964571
4105794
1358377
5046135
4715009
2181055
3181496
3140591
3283180
5023655
2858146
7612181
1426679
3386865
3967624
5886762
2971234
7327064
7816870
7594996
1262042
3649547
1894808
3902672
2831954
6264608
6058153
8944889
1425567
8322263
3386179
9779284
4140054
5869658
6273781
1535812
5974359
6207771
4790894
5848839
5738316
6974971
5184834
3609725
1727808
2607641
9169132
9288898
8446529
3937860
6442387
2677906
2393011
3173688
6748548
6191296
3262946
9414808
3639352
7530399
3751619
6422040
9058758
6309125
8027025
6041152
7445792
7074330
8095179
9106703
6938707
7858104
6110027
7429723
5252773
9978421
8841631
9092123
7328923
2867039
1736282
2338854
8444272
1525546
7945128
1474267
7961940
3767712
4351007
9202514
8518530
4599483
5536979
7704819
9145247
9317076
9195665
8360883
2459518
3855044
9557317
2808569
2366871
3477542
5739477
4735927
9082802
8659456
6188458
3359785
7569602
4847086
7427188
6362519
7024588
1307824
3814444
7181181
8784858
6712646
7147021
9493788
2001272
4768705
7792978
7976700
2191959
4329115
6420393
7440923
7723912
7524465
6552077
9292058
4973607
1782295
3631950
4301573
7909975
6071102
3303295
6507693
3702799
5174334
2611719
6444103
3746044
4947267
8247428
5956644
6065777
6650913
2784384
9493616
8341706
6225761
2652833
8431616
6099904
7453592
6598964
1820357
6598979
5614941
2547291
8079849
8072959
8071669
8690460
1509811
4771847
8113155
9290328
9616236
3158728
4172108
6421831
4920280
8120003
5108404
6983609
1357665
4330888
2316328
4012066
9299442
9925498
6639601
7181753
6803415
9329474
6993046
2505616
4462692
6956405
3436501
4304721
1793184
5755808
7980101
5862227
4086190
6727302
9065835
6750201
6522098
7102651
1887284
8220447
1327834
9750683
2826586
6582488
3056899
8716597
6449532
9042186
3141104
7404057
4737998
5206346
5260839
5596438
4518300
7176758
7076937
5304378
5218703
7319162
7281967
8528816
3188547
5609200
5777708
9891602
4486912
7345267
5556976
3738968
7580161
6748993
9255051
8507394
8613896
3846606
2985068
4394453
1721882
6135448
3424628
4901934
6094286
6171619
6233603
8142184
9089725
1330302
3151775
5588830
4127592
6771831
8584595
7190233
1652519
5042801
9799086
6138198
6239620
3461045
4949452
8454747
2268005
1894871
4350545
9386958
3951938
1848640
7701463
3899134
1269760
9871187
2810893
8374891
3880099
7149503
8173745
3425960
2645793
1846252
7675020
4754561
5453956
8169600
8038618
7989693
6821770
1712515
5735989
7799850
6288041
4401240
8166029
5150778
9070434
8641495
1473747
6037948
5958215
7187654
5211359
3210833
9937994
5028251
4908694
8689958
5849452
5807602
2484987
7659685
3857729
5933724
5260350
8055938
8979507
8693441
6020641
2316100
4621123
9650564
9216099
7725651
1516465
4609921
5592014
3741631
6927808
9907826
5931668
4150086
3681828
9481429
5990592
1664434
8731571
1124940
8699772
4053806
3011897
5096981
2142637
7072861
5243291
4403132
6444452
1644185
7200227
4346157
1126557
2295190
5097690
9728613
1211494
2405150
3703313
5406149
8698214
5062965
3959713
4704901
3867963
8669216
3223057
3472249
6992506
8913444
5191817
5583642
2210508
4875829
4622826
2246100
2898700
9962968
3300035
9518237
8466414
8854190
9140048
3379338
3586531
1414288
2346622
6904588
3955557
5529793
9187038
4111961
1710117
8880885
8408000
3489055
4732296
8084225
8669206
8349604
6338968
7725853
8563540
6287313
5281267
7116000
3562677
1378714
2439421
3692610
2940587
1865032
6900619
5868871
1681370
3535881
6429026
1807011
5015707
9231460
2937976
1711731
2239621
8590418
2325818
5864388
4817328
6308294
2018222
8325047
7266043
8022473
7361947
3246439
6836623
8784129
7460255
5747457
8910880
1947173
5069477
3667478
2782850
3598793
8668279
6531464
2755568
9758939
4504145
3753065
3373782
8747737
6355249
5092048
7337586
1843082
4784665
4572808
3012188
9419838
9580789
1524058
3648118
9219826
8209705
3690288
9907811
9661914
3764336
8829700
3253980
8205171
1669483
2098233
2369937
2899925
9582646
3277648
9360260
2021037
8609350
6552668
5192339
3432520
2747817
1223390
3934280
6823204
8400478
9082632
5615347
2116066
7315538
3256391
2351688
7747987
1283645
7937608
9735104
6639086
9951974
1308703
2945026
3898149
9966263
9094384
4179411
4537646
4134816
1148834
6647347
4623932
1242295
5676491
9371669
8215114
6264027
6809188
3669759
5768915
2034862
8299519
3295648
2804168
6977912
7288331
1652008
4909900
2407495
6618988
8391892
5489944
3455841
7133438
5686402
5430460
4324216
5816985
9749045
8093841
2422042
7511372
4571714
4058632
2254048
3331224
4478578
7097727
2049962
4075877
8606591
8931354
3348968
6991973
4762436
4767233
3873123
2730046
1886895
2765384
8605628
5050474
6651244
7291424
6715484
1710284
9398578
7008147
4867941
1582079
3464199
9043364
2603565
9370802
3242654
3065805
6205411
8690952
1531895
5457555
8228860
1690244
6712917
6453667
5302772
4994631
2277706
8632572
8697701
8127989
6874377
3835522
3336014
6115118
7489294
4542286
6429485
1595172
8518468
1559946
5521710
7083218
3164995
8373477
2969160
8244257
9599272
7799761
2180116
1321311
5289060
5105667
2039153
9329301
3323574
7690023
2038910
9912126
5481544
4724405
5064433
1674010
3399513
9971034
8706701
5071585
5493851
3502175
1723413
7118192
3299160
5372382
2065026
6787442
7586306
2092476
8179606
5905344
8943563
4057624
8462874
9497198
3166747
5754744
6701509
1876861
6053936
4380230
2065617
2350903
4338465
3303548
4796654
2541737
7057007
6640347
3116093
3843617
2365752
2505403
2609922
8420171
2064338
2827239
9745123
3901435
2970241
8980695
4170170
6922287
8609860
7073787
1718679
8184915
8018281
7616701
5568730
9083188
8686013
2708135
5750777
9498824
2797459
7743126
8654147
5792455
7442732
5986815
8806392
5600449
9079826
7626680
9981839
7785777
1566404
1397450
9191987
3642847
9767528
8626723
4199070
3958361
4255696
5366117
4970886
7896137
7133620
7177128
9316986
1406874
1833402
2655990
6815761
6187471
6262842
8067933
7703729
8987608
3143692
3200045
5883488
9290180
7171571
9007762
2662925
3710432
5446012
7050900
6668620
9911270
7972057
4906323
8763821
1439271
5804696
4382120
9407186
7373361
9228686
4770825
5392078
3960058
5384523
9559021
7347609
2430871
4696617
7139903
5987660
7378513
5476483
8252030
4255317
9981030
1943092
2596482
4363489
7003128
3312713
8075888
5812918
9716578
9242813
8895830
2849046
9123954
5661036
2231232
2816854
4413135
1545727
8040383
1325051
2510496
5420098
4656078
6707086
5355242
1649484
8397786
2521589
1899247
4954864
4945116
7312926
8165350
6274359
5832436
3582640
7202544
4750462
6490317
5878479
5566821
4972182
9026236
8827060
9435894
3740353
7810209
3160537
6116554
5264398
9205613
3547617
1172458
5739326
1852724
3588670
8184358
5575871
5534957
2971352
8073532
2822728
7018109
5854123
8461824
7973864
7587179
7573556
6583782
4733837
5956763
5435640
7622114
9822964
4853796
1783737
1233499
7278835
5462019
5203193
1708937
5951208
7608277
1339340
8655742
2545477
2114195
6846895
1157112
3816600
4266941
1938219
4143143
2167081
3861265
1398957
6834610
8658937
6725925
9630409
2040557
2952447
5777218
5278090
5270182
4922847
8278246
4307267
9650287
7840952
9406206
1741957
4436740
3991070
3483680
1913818
5782011
9151794
9445425
2435143
6270586
1641817
6896194
6126851
9089783
4701629
9856919
4793123
9990542
9451268
5335747
7086445
4442471
6935696
6281443
6859808
8135570
7497652
7880958
4706592
1799013
6233031
6089768
5516891
5999991
3856093
9965014
9209829
8980194
1683471
9248820
6059356
9034087
7656142
2194503
3714094
8814203
7513787
2899494
4047612
1229418
6297549
9079932
2207122
3611700
9180558
3176852
6247288
7838338
1392398
1165080
6348265
2794172
5882297
8077193
4836093
7058916
6299490
2322892
1626702
7818636
9450490
2242018
7707986
6535845
5363952
7893452
4127282
4776996
2475311
2638688
8736269
7751704
2970366
3239425
6367370
7591945
8600347
4191021
7698325
2915089
1686989
7265747
9725462
8930512
5696550
7560919
6986077
9846478
4645217
3431065
1925492
1955388
9518525
3186740
1844587
6664132
9282098
5452224
3224362
5260247
1830815
3719211
6119611
8832554
8512679
8487910
3651619
4914784
3163559
1450519
2101622
2000958
7649452
9119954
5202882
6095553
7994483
1407737
3771823
7981125
1185865
8959896
7460697
3285352
9470852
6861133
2799493
4303168
5438174
7326898
9963997
1906316
6235680
7137718
7385853
5210826
1451836
4268612
4322119
3420848
6904074
6562314
3146997
4588691
7886123
8461102
6326100
8034532
2916044
4016851
3826336
9170194
9925986
5893767
9888173
1357819
6811289
6852010
2738674
6340518
9896383
9829049
9846586
2949285
3094941
4832701
7832539
9409982
3682164
4060619
4091891
7574758
4215829
3527868
5844806
2063324
4126563
8596664
4388499
2125430
2477289
6815166
3435752
3316887
3419442
4377846
7505614
1910626
8836641
5004400
4831622
7849287
8363196
3570146
7880803
6312510
4401025
5841663
5172956
8625773
4645638
1958488
6592347
6796901
4315240
1176505
2913786
5780128
5361907
1438810
8039383
6171386
3279978
6197488
3717499
9925277
2190611
1996244
2766292
2664075
9840408
8431551
5178065
8360339
9516606
4687259
6676955
6630107
2823522
2390460
6473743
4223182
8116727
4869448
9553527
2610456
4652896
7423724
4822916
5806020
1733937
9884660
3197155
8255762
8613809
5854625
9369292
7450577
9180574
7497143
6419795
6194162
1776663
4591070
2158950
5283761
5401208
7329131
1815522
2844506
7225587
5760794
5857564
7052095
7068560
3229326
5103578
6703899
3947479
9016606
7299098
5048769
1722841
3166170
1138460
7737139
4591009
9085471
7823414
4220657
3637205
5343906
6644883
3945574
2022778
3666950
9693794
5623609
6183069
8855918
9668147
3444963
5457070
7844844
2167168
4040192
9051950
7521075
1592344
2917993
7973240
8413329
7977756
7760070
2849965
1234770
9644666
4262311
5124362
2650209
4153781
6937911
6508882
4043192
8456039
9678483
3040047
2521064
4529067
2594258
9316462
5258202
9602745
5571905
3963368
2813022
3474958
3604627
1840046
4180555
4952582
7140357
3621335
1902396
5244401
6323708
9784357
5902832
3518122
6781576
9062657
8604810
7326274
1306438
8038987
3246793
8019075
2313513
6630930
2448431
2093622
4552535
5024868
1446884
7126806
5667807
4663017
3062645
9710071
7475810
5426647
7994344
4729876
1730654
2449399
6373310
2579107
3641003
7793778
7441116
9688712
2726651
1253219
8914004
8531424
5248342
2908265
8551558
2354618
3191276
5635982
1438175
8196653
7380657
1365242
4971901
7678336
7038514
8434057
3623701
1851109
2737474
8405980
4855983
3532914
2024200
7260088
8479246
9789772
2425813
3888930
5129952
1527716
8123818
8988086
4925518
1924133
2680499
8562748
5608373
9177242
2101266
7434517
6941257
4657268
3953938
3511016
7688106
7333721
4716884
8669737
1580637
2681200
9212718
2868122
7490375
8805152
8301957
2426911
9471450
5824463
6948658
2871401
1703155
3663483
9281898
7667761
3649705
1736030
1485580
9995107
7183711
5752830
2554457
6884812
4261263
3645631
9847800
4765739
3862134
3559094
1304613
3743753
5598428
3766064
1715081
9404257
5475081
7761595
3007729
2092540
2714342
3070058
5568606
9059199
3929980
2629143
7958296
2160464
7801544
6217242
8620858
6563776
2687386
4165505
3403148
9469437
6781012
6334899
8356259
3761599
4048652
2286961
3248324
9783549
7189343
5449012
6920546
5072882
7434761
2444137
9530168
8675288
6514257
8728144
4040482
6913784
5255821
7972873
1665838
3597405
3507457
8453910
7350594
7862663
1161610
7702950
8246144
2050364
9925704
4332745
4718392
7176084
3384750
1215650
5465360
2121318
2694318
1476340
9122929
4483847
9375497
8159271
2030845
2967681
3311666
9741038
7086771
8084592
8157231
2048034
7547385
3273618
2604963
9827320
2976008
5849609
1652771
8256210
8899936
2419951
5367932
1287388
3375992
4521163
5153863
8967012
7124750
1987805
9983264
7092637
8375913
4014287
6416949
9748277
6529150
7014996
2993842
2132317
7022993
6375464
9996477
9283997
7488146
7414810
6645890
5226448
8981800
5152567
2746021
3586146
5714985
4664841
5384562
1533715
3064993
1265530
6327306
1424686
1846724
4795507
7146480
7902657
2077960
4940121
4776947
4895165
3774293
8131389
9044140
7968469
2258458
9917420
9887773
6987668
9281260
6137264
7160573
9163843
3639226
5411125
4662320
5603451
9939582
3709655
6346956
7680844
5087364
8401507
8666684
8907732
9193008
1472143
3563025
9207938
1931790
1893629
2047294
1342658
6503941
7385395
2996198
3457097
8518313
7814412
6872118
2528591
8667620
7164262
5885735
5535781
5174950
8157476
2820965
5740000
7427303
8770088
1224090
5479228
7680680
9252013
5671697
2833074
9953383
3926499
7839992
3268467
5975912
4941809
6757520
8531772
4035560
8369918
1408734
9447983
1637705
1211517
8340562
8315263
8767071
4442106
3487975
9532857
1137637
7780626
6331438
9077799
2919253
9047109
2150641
5872061
3232735
2431856
2383053
4823079
2854081
5599051
8177378
9081204
9019666
7585213
7899445
2440722
7472877
7767724
6797775
3789841
2792546
2678996
4778897
3642120
3285652
9100162
4496679
2617115
8655930
5177876
4485138
3374128
9992586
8794430
9322381
2992719
4866063
9633313
5223238
6624956
1575112
8656862
7771854
3259200
3176820
2272853
5256068
2349042
3809884
3417819
8447962
7437454
3971258
5771525
3322110
1810723
5530681
7553933
2566250
7966029
1547263
1750783
3728552
9672072
6023977
4720706
2603897
7913901
2581723
3244004
4174065
9718248
2342090
5819748
4438475
4655526
1395717
7127207
7236486
5332328
8901788
3564171
8353222
8193378
3866227
4645606
9278442
2675930
9195015
4221889
7923857
5912686
4893613
5955192
6625178
4802492
4954108
5796211
2768357
5893358
6800105
3916880
9612335
8114034
3429836
7369905
4844796
7347751
5477968
6640748
3932836
7040822
9750971
8619396
7836334
3971307
4409289
8235723
6720409
7254262
1483046
2198520
7255550
9965643
4777714
9031623
8334968
8470224
9435613
1771346
6465445
9801046
6687559
6548108
4398696
2325648
7083209
3314103
1135826
5330394
1914462
5346526
9916132
7444476
7618245
9700119
9066232
1644062
4866999
2264131
4732955
2948306
4523416
1215030
7230690
8152832
9009816
2625179
9133368
8281009
5870988
6177182
6970839
7675439
7819585
9054986
9055921
4296783
4462680
1893674
4403899
7659938
8986557
4184206
2458960
9005281
5064981
4006828
9775411
7801251
1536003
9686131
3275488
8877742
4220395
4316156
9811301
8773567
5945705
9339702
8739559
1632649
7764156
1186566
4220074
8314849
4186302
9780030
3271243
6229251
3701258
5571689
7270731
4270734
4045940
6447012
9797636
5867097
7525384
7275323
3908636
6156158
3287083
7769385
5077028
7703130
4147629
3859882
7763282
1352653
9662461
7198464
8015232
4876293
1838390
9240090
5258086
3338990
7339627
6593974
5464276
2407717
8096494
9370886
8277683
5539759
3873880
4187002
9067716
3202164
7055419
9729610
7180325
7066432
5200395
9191876
7610882
6832656
3844847
3806843
3610113
7458935
2771917
8199754
9008223
9536724
6441447
2597984
2405163
8280379
7979335
6457505
4725610
1938349
3559866
6034758
7389523
9564032
5523245
4505519
7844603
3316268
7935419
8959286
7872091
5241526
4823897
8461650
3176739
7057910
5937918
5717678
5910162
3606578
4113000
8702774
3436257
5808321
8084449
9415887
9762700
5586254
2903952
9782135
6001562
5850760
3607336
3595545
1967680
3226160
4388265
6463135
5653955
6674557
7756450
4220102
8254650
2831287
8651462
9884521
4099491
5110135
5287700
5308596
7006898
3147494
2902869
6266191
4505885
2640155
9912687
7881783
4696625
9096755
4080649
5878066
6725966
4128312
6224974
2340345
9368453
6210111
2352225
3014771
2776032
3276379
9822222
6347651
7463591
1384495
5935899
4455665
4813279
2071288
6426513
8201232
9016765
6136427
2475980
9260715
5163719
6685603
2100144
4391794
1932391
5641603
6399829
3036946
3252756
1370668
8754777
2546805
1934076
8510054
4567222
7438020
1535248
8048471
3087987
4525574
7958159
6878423
2769295
8706385
2527379
1789903
5779520
5287966
9731793
5850829
9304994
3590666
9529332
2174828
8515599
4840467
4145167
9521396
3238735
6896606
1917265
9982175
9057615
2607509
5225836
3258643
3375326
4123031
7291858
6841182
7296770
9839579
3491804
5880923
8077768
7273358
7772217
1806994
3422972
3662664
6502427
6494714
1341422
1834525
2022304
5047133
4421737
6287449
5652194
2470120
8940070
8579349
3252780
7039258
5929949
1377690
1781264
1355945
3086005
2885468
1307654
2465316
9178956
8800432
7791116
5545462
5726209
7600824
4427950
4488525
6647323
8853235
1446231
1504317
5069709
3389531
8051437
5400949
4756498
5759408
3769194
3090751
7757836
3715825
3075583
6207030
3113006
7227005
8383498
8848032
1459984
5194471
8031534
4089295
5178468
4677191
3818310
5055256
7260268
1731217
1584803
7209884
4873270
4307674
8593903
5348712
7567864
5820807
8711493
2108400
4899273
7219626
6886039
4107358
9470736
4902743
1286569
5562611
2365031
3965529
7813859
6020969
2233403
7176353
3984274
8639213
7997616
2803580
3200224
2448577
9268582
7926437
5919491
7736961
1756970
7807465
9820474
8624733
1418031
9205064
4701517
8501028
2401795
8168082
4339802
7243529
8537077
8804691
4441421
9940065
6343534
9679456
4592823
3900137
3995371
8884210
6278622
6697012
7977537
9679759
3991391
7270086
9892576
1268204
5944731
1808137
9899195
1464980
2779088
4848322
8595773
4479894
9704955
3055502
3556895
1822107
5650300
5168174
9575106
1140438
2004911
4001090
7510272
3001208
2424882
3038506
1266267
1488342
5247232
5742286
6708883
8266587
5823228
4169708
5306825
3346062
3210233
5965406
5707259
8447703
9859084
9782656
5586965
9505999
6403329
8098025
1519548
1522940
4196128
2602033
4356799
1805286
5407667
4440000
2022059
9000801
4965233
2861146
7887355
8447699
5844126
4509371
1547169
4532910
2011059
9136549
8822274
5421214
6660262
5026108
4059564
8028980
3763494
7863947
2957719
9257465
9613202
4212603
5936490
7862666
8407828
1278266
8641818
6044020
8885828
1423674
7174639
1742658
2256141
8591593
2791500
9946345
8550082
3478194
7252612
3315058
5993555
5457191
4151318
4305161
3978005
8823614
8282834
7064356
5706590
8364981
4863230
4113498
3201616
6148939
6448685
7171034
1774856
8222558
4649760
8366497
5014962
4050325
8543482
9132131
3096005
7141697
7500658
1705352
1888621
1263531
7354789
7019806
4039947
9035194
8912764
1239421
3618413
4364212
6131945
9611255
1953196
3471211
2049635
1254464
5921419
9217005
5648980
2788198
8258674
1470082
5636111
2348945
8947523
1736843
4273577
9695247
8412615
3428819
3875864
2519400
5186380
1240587
5764310
9045033
7108257
6313516
8163959
4790791
6807036
2564155
8146958
7682764
6862015
4850755
9649274
4486605
5874818
2688379
9137044
6787104
1392724
8302852
4785421
8381910
9233876
9469409
2991807
2068387
1809182
7667871
6890590
1604733
3360414
9383400
6313548
9902528
2442648
4479947
6572066
2366323
5757202
2044860
4595679
2859993
6163182
4498450
3923153
3581283
5919742
6575597
7994803
3077084
7679490
6425908
6255511
2224445
7190993
8823946
6217065
6430547
3780081
1453244
6382805
7107478
4774599
3661929
3443275
8978047
4774083
6442939
6495772
2109864
4669046
4947083
6039123
3338647
4102090
6486575
4411302
2756396
5078265
2657089
2757310
4473433
2656975
6707442
1776181
5713550
4579828
4630123
8366670
2894433
6580177
6680741
3095246
6453968
8116306
1153362
7616330
7675889
9266822
7059090
6484918
3101848
3194131
3647187
5627652
4873622
5983503
8706020
3981407
2635488
9053259
9160978
1391575
1289854
5773969
2536503
6387914
7433726
5893596
7791974
2875507
4338089
7960767
6457319
6146227
2021978
1508605
6834042
2426871
5224745
7832252
3625355
9551334
4076635
1241931
3192859
3033368
5199383
1584021
5433411
4826675
6406084
4852982
6757590
7429980
6576986
1750338
6407616
9231540
1545740
9751509
5805171
8569309
1119969
5855697
1465530
8318933
4406221
5014558
1754385
1183784
4755930
3250480
2687242
8080976
1633353
6784905
5345852
4978908
6825505
4433148
8634435
7471609
1960908
6441513
9054495
8745633
2591778
7546985
8794054
5528097
3636692
7187355
6325819
3116852
1855083
4406688
7324528
9904259
9213484
8883920
8612589
9851556
7205424
4256445
8605673
8671910
9325116
7443290
4582144
7740841
1704237
8970972
7554285
8785888
6980769
6401393
5002627
9753148
7643656
9139477
3766857
3560320
6349357
6065047
5719113
2693393
5946361
4012364
3674577
2149491
8105840
7871120
6634364
6125451
9256195
8896375
9440685
9666485
5794521
8751390
5687015
3016596
3014235
5490673
6464068
2485560
4501134
3572045
9624804
4035323
2873307
3360506
7143858
6767452
8745328
6390258
2442717
3654889
9169687
2456978
5430737
3355654
8911707
4901509
8459465
4019673
2898752
1542523
5810370
6482474
6711640
8552341
4806580
3410013
7206151
1950129
5537329
5631138
3976253
5068348
4251403
9649435
6970541
1814113
1320921
4056636
9089744
6960208
6435810
4258984
7549298
3247532
7132101
3092079
1773277
8730154
5456333
5130627
9267145
6277265
8844478
1400321
6545793
7877420
7082251
8391781
6209700
1928744
5475963
2285182
2521350
5603886
3853073
7870990
5467527
6652166
5143950
2824161
8110874
6019668
5883596
9460389
1756770
5701460
3758082
8990980
2681048
9007013
8699699
9883789
5212778
6087393
8829008
8656529
4088438
9756325
2745947
3830222
4310117
3924212
6747428
8524854
1848518
7924511
9712366
3210370
1958103
6007707
5104937
7540282
4538592
8406977
8996004
1394905
2634469
9325147
2697313
7351888
9693794
9172933
1573853
5902620
8636314
4347783
2037570
7242301
8485979
6405772
6103822
7487902
8861876
2869913
6049155
9054304
1871603
8756281
3715230
3129081
1917698
5393918
1318080
4576817
4561721
5126746
9247780
6390832
3008717
8200155
5220916
6203224
9109473
9862156
8406390
5115866
3985931
2725815
5923469
6910121
2170924
5637665
9436726
1910704
8577534
9033393
9604874
5712008
6603623
8161723
4366883
7385436
5646274
6904054
9448202
2192184
7235938
5372676
6718289
8468203
3598301
2976742
7314185
8887967
7695317
2820506
7932997
3166129
6525006
7416156
6271347
6897215
9693535
1300703
1536235
1587981
1389572
8931388
8031329
4387332
6954944
9449425
2731067
4346812
4049370
5485963
2817438
3956406
8901572
3320460
3831784
3165929
9136346
2756656
5901830
4890972
3790013
3422090
3809503
7693903
4436114
2434009
1551693
9274742
1979498
6050251
5514939
2880119
1933122
4256475
1688882
7534601
8872654
2813735
9437766
5473344
5636726
3378164
6802731
2741883
7755154
4822022
6447442
8175161
7309531
3051292
4380863
8252567
3367904
2715905
1172905
2979465
4682948
1322078
7100924
1577548
1778884
4668896
9699786
8251425
8295450
6381477
5177569
4741679
6987291
7223073
3807060
3783295
6193171
3679629
3759648
8613151
9648941
9475738
5819023
9662788
4284582
1857262
5775583
8879225
6034922
4153301
6139856
1162223
9626685
9523698
7917176
4298865
7473949
4391408
8739724
5183669
2061359
2695869
5345684
3587517
9281714
1821366
9548391
1602226
3530812
8350514
5569030
6594131
4029713
8065863
1610812
2400261
9876881
5436434
8520028
5941602
3144775
6955919
2807412
1395459
1400997
7242317
1454139
3765814
1413853
1953826
7671753
7044886
9625309
8198747
4291717
6066900
6226066
5094515
9935282
4424959
5007851
5380561
7152625
5007279
2447250
2375296
1206321
7418221
6721305
2709090
7909686
7711518
8751224
5715546
5443185
4384823
7972584
4667279
9731736
4054164
3409498
6459140
2234921
9216265
8133799
9429735
7472893
7550841
7169008
1898631
5382336
6086926
7775423
4643322
9962584
4590831
4863749
4832546
2623768
6926232
6334020
9011452
9547045
2371252
1463677
4098006
2235372
1167679
1890487
8802269
6708817
8238132
8942099
3793017
2345684
9149429
7170209
8601409
9614250
3475894
9240952
4440764
2724111
4928871
7405964
4935912
5068652
2335584
1391225
7667369
3121498
6546351
7565652
7764133
3452825
3010925
4845585
9006074
3829566
5010389
3905639
4633357
2021021
9774578
2172720
9016847
5517896
2813335
4307314
8265226
2579227
2089443
7721778
7158175
3496039
7838631
4138930
4808842
1588454
5861888
8758509
2768877
5342110
4899583
8358814
2509729
4609326
7120518
5823292
9218261
6386385
1294045
5286620
3314084
1573903
3297425
6417229
9584539
8245352
5741689
1911488
1862128
8931575
1510624
6128385
6772532
7612299
6801895
4810293
1240960
6226971
6629619
1144256
5443623
3757460
7191283
2721316
5947364
3233045
7582663
1417010
2489012
4374886
5673100
8634710
9754417
9129295
9677015
5217995
1526418
6072583
3656996
4525399
7759453
1435755
2162845
1931464
3264515
6587581
4780573
2133140
2263033
2567531
1586865
9961818
4945586
7424344
6840094
9195916
2627287
6071618
4865341
5555285
5310715
5578504
4470087
1809619
2060833
1136636
3976997
2279181
5398868
1566073
9472663
3077045
6999527
8569117
7124968
1865232
3812816
7755334
9464501
3406707
9099823
8235849
7800874
8055217
1601918
5480279
9433554
7242674
1517559
3514765
5127941
4893449
4581891
5059505
6716008
1733510
9940186
7523668
8543014
4649487
7062022
3943036
1853955
8611412
4178527
8335703
3580053
5254560
1656440
5407115
2324966
8088439
7452493
1857642
8203410
8466292
6485021
8437684
9128960
3517345
4687471
3354158
5233342
5400916
3001949
9305425
3667062
3619579
7937421
2529447
6742846
5750686
6197581
1757627
3549175
9047548
7340341
7497144
8800548
2857391
1611655
1300367
7007168
8884509
8612655
2876627
2542425
7154990
6655914
3648541
7576310
2988006
6038443
2828021
2757187
8656919
6745027
9031701
9781541
1114562
9141726
9869389
2333308
9660930
6673885
9303853
8783071
8039731
8507527
6076299
9621128
2820413
1609530
2712807
2506831
3118843
5322607
1614965
5734593
1283215
3617232
2519349
4366960
4262415
3174805
3451592
1124519
4751913
5699586
7289683
7878612
3112223
7918434
7256523
1931076
3699584
2527186
4862062
4603884
1568970
8205841
6106526
1560764
6535019
2941964
2010669
1785276
7447363
7142682
3835097
5841547
8335352
4546563
2104477
8934506
8420907
6571258
3372898
2797397
2239761
6119374
9836655
3068341
1439691
6083640
2939016
7422786
9105631
6312099
2800113
5242933
4486972
6013302
3029638
8835805
9873832
3315815
1815335
4119274
4821932
4880831
3285040
2355439
5360543
1995445
1429765
5321668
8860413
7355956
5284067
7832241
9237466
4150007
4961629
4839305
5312420
6352508
4643099
6632026
4788357
4222944
9331270
1500715
8485743
5942693
2535024
6208100
6632589
7492536
5820492
7876898
1791727
5716733
5759091
5801744
6678744
5796787
4196490
5129684
3958306
4475200
6992383
1920492
1502690
5448060
1949928
2120628
8076352
2420475
3499840
4768969
8878179
8456623
8228273
5390952
1511817
6348646
2030252
2066443
9250428
7401498
5935646
2321488
9557233
7176778
7632713
7521887
2662572
9360760
2522320
9432330
9287933
2126039
6475560
7269005
2095190
1877884
8007559
5714642
5096650
7714601
4503527
2971416
6089074
2533150
1496860
7675031
1114264
9394290
6716404
1381270
2421618
7588064
6444755
4517732
9672314
5415466
6219733
2875059
7090238
3892561
8151348
8747265
2922490
4406207
7322726
7805074
1637965
7976570
3658027
4036402
7725312
2601021
2838604
5250742
7370023
8552997
9927323
6205054
8491065
9990748
8045754
1321131
2708358
7068780
6873092
6074586
1960284
4447716
6648327
3949012
9030227
1713476
3910656
2300638
8733675
7096334
3127557
6379027
4106261
3337946
9797267
5044801
6840222
5333155
6733256
7926361
5059021
6530380
3622532
4169706
1435388
5759746
3209361
6745845
3666106
9494283
7304864
4152930
3168962
3868603
2979889
8463573
3539569
2559971
8789872
4839891
3317992
7385794
5298007
1681890
5747143
5998460
4763235
1794213
6448611
1386447
5138798
2051669
3677145
9815480
7239540
8951321
8127980
4025709
1555750
8643347
7321604
3591274
5116948
2477323
5050403
5713305
5799926
8493231
6684017
8953815
9657945
2156568
6244353
2477993
9037883
9346225
2216951
4596944
3720897
6000624
9835806
5801149
6875401
9517723
4342269
6772763
5679765
8511065
5333012
1311532
5724295
1786373
6691859
6583177
4287059
1883386
9491129
8976146
5850537
2477218
2979304
5069645
1665943
9927049
3918732
6785323
5202473
7488987
2053731
4050949
4917713
9595412
9947131
1818277
5358509
6841846
1407373
9870573
4759862
3578085
8811339
1629930
9462390
4117256
2091954
8578050
4378083
4699222
2807427
1918762
2669849
7828838
4834153
2852321
3748380
4533309
9507941
9222814
3312445
7385338
6847406
1652015
9098886
5970812
9605302
4537631
3117509
4516924
3706091
5893788
4534568
9639451
9745489
9531626
2642977
3807282
9441182
7622734
4897763
3532698
6573134
6834357
3177680
7308206
9843685
9732666
9386049
2790342
4676920
2129594
3170691
6182851
9702643
1624665
9281178
9735548
3953993
1456649
8831984
5296733
4925723
4653145
2262611
8386982
9783207
3083335
6676133
5548844
4000680
4284834
6956777
3587723
6416570
7067779
1860962
8950955
9027847
8358640
3858925
4199210
4668692
6009176
2002650
9441117
3680919
1214717
2386385
4190824
9877206
9927112
7616413
5803890
4269305
7001896
9448374
4572691
6031134
7385328
7571667
8780962
3440858
5020173
9897727
9030813
6935197
9741122
7678895
3743664
6092516
8760008
7593648
9583020
2833961
2351405
3710654
7821470
9253532
6519038
7049952
9387190
3992308
6834155
2681574
2662126
9651578
3169600
5846697
9797823
4900537
6523600
8956878
7754052
9485743
9114168
5686913
8371827
4900622
9103463
3894333
2688058
6187053
9749592
7628840
9337628
8476638
5863445
9075396
9687334
3176728
4720573
4930102
6008448
5802576
8535770
6299458
4696547
2111468
2329613
6472002
7663585
8083479
2791129
3195987
2918406
4825059
7766767
4996291
5563337
5911459
9803377
6617274
4025345
9145236
3188204
3424425
1172707
1814676
6079325
4929521
2079904
4994625
5501778
5410791
5914612
6179689
9055129
7840658
4244161
2211937
6934224
2804843
9641607
1593029
1712315
2733507
4961842
2914815
4180974
4093390
7347076
2125080
6435379
4901719
5609000
4633732
2313421
1947536
2334327
8984351
2415328
2202758
2691914
1439777
3862775
5305315
3300557
4839445
9509468
6996734
5866634
2027844
8725836
9819322
9033274
8057270
3009051
2298493
2994826
9075329
6921442
7754002
9244356
5886266
1708238
4279659
9811378
4290001
9534362
5133121
4330675
7973554
4059109
3416064
4737446
6936588
9657620
8179474
8633051
7316750
8250768
4881206
9420704
1177566
5288501
7599372
7436901
4967035
4168615
2961802
9470957
5392084
4040586
7058222
3073399
9910905
8902807
3114731
1993868
8638608
5632827
9613127
1161096
5820713
4079485
8341593
5829789
6195671
5613167
2323825
6142141
5548847
1527336
6487508
2548978
1973087
5816158
2065426
8243417
4645581
2159192
4108465
8660927
5817267
1420527
3381194
3904452
2741655
7009646
3902324
8683753
8508711
7151249
4670659
3714247
2739831
5534365
7805683
8240247
7878861
6256467
8618735
8665890
2603725
5994136
7065393
9029915
2623038
8099703
9863599
1790343
4567621
9293020
1432518
6907840
8505912
5325659
1420286
6529998
1371207
3796613
2632017
9844872
1495412
4162500
2500939
9903130
2540469
4089202
2059023
2006561
7304718
2702246
1992028
9382438
1170458
5606235
5939844
4975622
3630755
6359349
6527015
6774503
9789095
1472792
3907490
3257440
6410809
5963425
7302656
5305071
4565445
2072206
3784157
1516958
9609774
6042742
2734276
5913272
2911012
3011360
9134120
7718332
2953607
7464978
2736521
4732084
6832157
8462820
2821708
4518467
2710120
6066076
8983761
6042111
9213698
4856565
3778696
1884209
8843931
2550884
9095584
4801767
2469382
9321614
5754719
2034069
6547578
4138970
5647804
5230880
4878092
9852120
2660012
3706060
8732811
5687260
6476643
6639766
3749700
1956117
9719139
4435695
4084470
3756544
7705243
2253735
8149385
1223388
7795976
1232613
1807017
8853170
8099461
3273532
2370913
4580272
3645610
6794023
3481866
5924956
4539650
7876987
8194351
4934244
6913107
1181510
9709050
4370477
7430959
8493887
4655933
8861475
1355865
6236988
4950572
6328421
9495398
3188801
9083819
8321598
8808045
3444562
7444969
2098335
4329687
4099196
7025231
3896067
5874325
9105515
7659865
1718524
2544783
3251730
5764889
7715410
4515011
2994221
9978592
2690133
1705375
3824894
7833926
3263815
1354768
8950839
2750431
3799940
9309028
5277816
7697238
4952595
9856108
7476136
3096168
6130445
8403799
1341555
7236046
6071272
7681964
8898689
1707187
9656539
9292665
7798301
8929413
7588806
4004178
3970882
3398925
6392629
6005646
2392934
1477408
6495780
4747342
3753158
7288297
2008051
9751031
4174103
4104999
9732289
3238949
5217325
6632409
5713444
6496380
3056176
2384577
4762638
8871745
1210800
1205344
5974753
6250413
5319124
6124830
2570694
7532241
6382861
5056471
9836311
7874668
8983091
4444426
7539219
9222199
6867592
5712485
9373646
6529263
7471406
9726301
5292790
2782629
2232737
1953178
9947282
1563011
7954304
5220448
6440852
7143678
3944839
1913837
5342133
4450163
4898901
7467118
3410459
3355312
3537772
2138365
3429882
8990638
6830935
1655839
2245683
3941182
6667650
4183199
4604618
4780603
2462806
9827485
6704956
3791443
7905885
7085764
2711180
3328850
4606918
4041234
8132046
8661230
5865550
5699973
8263720
4618183
4603342
7643707
2258751
3681453
7361869
5771422
6357520
8587965
8911706
4124035
8337654
3635817
2552959
2177398
5297413
2937830
6407779
1844173
5297705
8547628
8276014
2083105
9297202
8877333
8587651
3731723
6320896
9028314
2841328
5969149
5545578
3569456
8018080
8112409
4023412
8360998
8657122
4007277
7966235
8738402
4588532
8066833
2204569
7572391
5833794
3475870
9381684
4923156
2282162
2532206
4261264
2118514
9040209
6335931
4835889
1310652
9639464
1157373
6109665
2659744
2475691
5550613
6484703
5827821
6399678
4855292
6771450
1930183
2325887
4105781
6784016
6112002
6985018
5439677
6103545
1521962
7436594
1607745
8075008
9765845
9116910
7309872
9662217
9347056
9860954
2133213
8822078
4115060
6018655
7171372
2194857
1399120
6408040
1573902
9537218
9483011
7432737
2098654
8158736
8894635
8969137
2813296
7565285
5758988
5055963
6003918
7333941
2216428
2215808
9154417
7808705
2964457
5024176
7543131
5088359
3990245
5987314
6658865
9397651
6419614
2025292
9448372
5246342
4347490
1271865
1943129
9931223
6972437
4299330
7441111
8271441
9774957
6220867
5561374
4023504
3382779
4398833
5177066
4052820
6510119
7455838
4687716
9917990
9836972
6429258
3359163
8222802
3878256
2388306
3317045
8980190
5151187
5606236
9022747
7518305
4734103
1379774
7779121
5478415
4756898
3297046
4728983
8519123
4432478
4792082
1281953
5491586
1528568
6555262
6710468
3093960
9972993
8005377
8103212
7140515
5614753
9632292
1969118
4963888
8610199
3344916
2436190
1944474
8930014
9784621
8879086
7566402
7406592
1288192
4104562
1675607
8893996
9845181
3415390
5276516
8002192
5710279
2147430
6527930
7754340
5135391
3905622
7345346
5366107
4086543
3501487
3853956
6854122
4120788
4184042
9392194
9747663
3525445
3912088
3978802
9088273
8382713
7784855
3546768
7319273
9119673
5163774
1162759
1224874
3279984
3998990
8396557
1523091
9519857
9400923
4354177
3497291
6748409
8509321
6763143
7086993
9783545
1668289
2186687
7060706
5960061
9887362
8418236
5905897
3966968
8688769
5154808
1252611
5414229
9098706
3378736
6779106
1514233
5288889
5482408
1111174
8354073
7180018
3173440
4193391
3648300
1491408
2281084
9333541
4687637
6400972
2468302
1149366
8473529
4258857
3104091
3346064
9957721
7931319
7391254
4680138
1655914
8619824
8655894
8609824
4976849
4358831
8005487
7663869
2075769
3135299
2316410
7225320
9830900
9576951
7020961
6057580
3843273
2004109
6842318
3546172
5180064
4691392
6925592
2749378
4906081
2332917
2350667
6151592
5715751
2906577
6679427
3842049
9715291
8719034
1640833
5557172
9687739
3272282
9899554
6230809
1633453
8499026
4914827
6107210
7806342
9103271
3926800
8433108
1448534
1706728
8215704
4047203
3117162
3346389
9893191
4314967
5864697
5337448
4969718
3848434
6467276
1571595
5871961
6589951
6360657
7495896
9611535
8151914
7379868
5369448
9084697
9156602
4663167
6615005
4157563
3236977
7276326
9417667
6917631
4546556
4632930
7736439
7958888
4772678
6203520
2507291
7089193
5088416
9656621
9215157
8169516
7787077
5891537
5291619
3772922
9206655
6180901
3484958
5178449
4125867
2700953
6499709
7945062
9476953
2097868
2929121
8266625
9277975
5815014
2941280
2405419
9294334
9352587
7936272
8253568
9374001
6437579
4997821
8277160
4431701
7014946
2244143
7539532
6098031
5856363
2712354
2035526
7972895
5357936
6419762
5553497
6159255
5767921
3032780
4625234
7787469
4778898
2765649
7840954
2334326
7777282
5640429
4425441
7124082
6086951
5035324
1969340
9894617
7635525
7677557
1142550
9661478
6374145
5647504
2341805
3465626
6771509
1341011
8050122
9474896
6394875
5937405
9618246
4903677
2222493
9100188
4846519
1675567
9397792
7309662
2206514
3074058
1812916
4936642
2860625
4042291
9837930
5024001
8476900
5814355
1909259
6101687
9878599
4213858
1939661
9869242
3204031
1187682
7409378
7832905
8317983
1944166
8335126
8793743
7024379
6387387
1230975
3763821
5080524
3983160
3855370
2177137
3955471
8913720
8834141
4896839
8662468
2522889
2112964
4952847
8173492
1263239
8571988
4053691
5680614
9414156
9088092
6567886
3127789
5064470
6252183
6163759
9001933
4305254
9220481
6635275
2222448
8378784
1375524
8617919
4144204
2234184
4115379
8253934
3842903
5836525
3141225
6399808
5234664
6884028
5587860
5876575
7909263
1279693
8519624
4304250
3949147
3927207
3838070
8052290
6112231
6908636
2344634
3731988
4506679
5833976
4871349
5154120
9696153
1816457
9344561
8817138
7153917
2651087
5916450
6750834
5416390
9767282
5136582
3306074
9626960
2856783
9956530
3418617
4978741
7084420
3313700
7219897
8280189
7347812
2244126
6473037
7927828
4742354
6684096
9449712
7014015
6072429
2004158
2722842
3978183
4639592
1723659
9997446
4519217
3277039
9197691
9736956
1814068
1502020
1693437
4396070
6890541
2885119
4199419
6828854
8179027
3899735
7768724
1343877
9452458
4488022
9751305
8674882
5742000
3515870
1846589
4686774
5290761
8502384
5173052
7824275
8813615
1486228
1563821
4741455
5089793
5187278
1625780
1276936
9306794
7742647
4846028
6189024
7612454
1477113
7564825
7693034
3185601
5681145
9806519
2257708
1351811
7447221
8877686
2468366
6018411
2443919
5610119
5565213
3607697
2982764
2130851
3512970
1846915
7116613
3010496
8537409
9637468
9163434
2341639
5035484
8765053
5714441
4603191
5556151
7679222
4511165
2206854
3987052
5263623
2661792
8382308
7547066
8793836
8373930
4816170
5794097
7217486
5911718
4463711
3269459
5204631
9348923
3759349
9157538
6685667
5363819
5451339
4738562
9220484
1129618
7580245
3016050
9875331
9619915
4552855
9504059
8406788
7384116
8746194
9049441
2619878
4440682
2574381
6368665
2817025
9570518
4242396
3121848
9986369
9931592
8733849
6630572
2963315
4284120
6817002
4930075
3345996
6838881
6121306
2553743
9559900
6536014
2601263
9931068
6698145
9972638
4896417
4034706
2831462
3810433
5615128
4442696
8053593
8416246
1337044
1321700
7340041
2781225
5295797
9507017
4631866
2725327
8209245
7776290
3538289
6677205
6738284
2106026
3491583
3284951
4846903
5903201
7577937
9244956
4767678
3054770
2912792
5361404
4165091
9045963
5468393
8873942
2139278
6424776
4768313
6816029
7727583
2829796
9724056
7459172
7520491
4183958
6621598
5667437
7851466
9917012
9191734
7227742
1591063
6342014
4634159
9739785
7168337
4673670
2726339
3518593
8758243
4693209
4039567
1753013
8951656
8180212
9814702
4009949
8300652
8794982
3895747
8111326
6697902
8451821
1892463
3173305
9135806
7087963
3123228
4176938
8907515
2225458
1160997
3530840
9644560
2011758
7953618
4480511
3615059
2628286
7423851
2716844
4779666
5952632
6881927
4047293
6774429
2043015
5051791
9790116
5457851
1743148
4980636
4892065
4555087
3394788
2613112
1146472
9082180
3593219
3859750
3046489
2452788
4847927
9399865
3472418
5112240
8542247
9610047
1668558
4078663
8138083
7156239
8960648
4849306
3953757
3720171
7827433
4485243
4554430
1822668
1226103
1783829
5411106
1215743
7314753
6361520
7147299
7457180
1571026
1301661
9164360
2057600
4607160
3041206
5410895
7742952
2147030
4224923
6737905
2576901
1261113
5462592
2612089
4362770
6159802
2642023
4257103
7665902
9074777
2354891
4822813
6620121
9301744
5173770
4769179
9653321
1652152
1923899
7618507
5261251
8447711
8020421
1831651
3985762
7116351
6640026
2420008
2351184
1371804
5823068
8340004
3303470
7391911
3562396
6098474
5634145
9710549
4476695
5070563
5289621
2379197
4568839
3359435
6398670
5788148
3055992
9057562
2830339
9072215
6908470
5476845
5341099
5977716
5267459
7850135
5512944
6053153
6121899
1890920
8909259
7225718
8832101
4064249
1287691
2344251
9831866
8088546
5253123
8624854
4524114
3870580
9942238
9490964
4688838
6816887
7641756
6413678
4622244
4873377
3364005
8029627
9168705
1504102
5257481
7353537
5073593
3596500
1935037
7110672
6078079
3369710
5213010
7477551
9623833
8590872
8356174
6535716
6210863
2606037
8653322
9833843
6078901
8974503
8570836
6896519
2417455
8499808
2334562
1887556
3677472
6204898
4033166
5495226
8539357
4419719
9712461
2716562
5859401
7226549
7256956
8746434
2243691
2057844
5310899
5971334
5823045
8652558
9702989
3394850
3610121
9392296
8534318
8470654
7220439
8133704
9134478
4191209
3867629
1747366
1974451
9417573
3451504
8004752
8771754
3977775
7225977
8454782
4030956
8372980
2076689
5127986
5260829
3233595
5516061
8680579
6091896
7619352
5348709
7297648
7159897
7265671
3234175
1916828
7646695
7096531
6658951
7197300
7362566
2979723
2004907
7443572
7974567
8511644
4596972
8985292
3342429
5413038
5511195
8893023
9780761
9246603
7907187
7544783
9551921
4812712
4263326
3441649
8026946
5113425
6169838
8181307
7863775
4662858
2399798
5464124
3947841
3837406
4392989
7597552
8509161
6579215
7670994
3900075
5508634
8105966
3810516
4213997
6183101
4738972
1489216
8637497
3878883
2671827
1437558
8339200
2122949
4224542
4787547
6005556
5621617
6702073
9198192
8735482
2152740
7049767
8937555
1157918
2083439
5988750
9436668
8101882
7414632
6114037
4540382
1279183
9901285
6184328
2322020
1386532
5711173
7974736
5385411
2979838
2262731
2555468
9285966
2063984
8554355
3100388
1790565
9785221
8041520
6009285
1337910
5943130
5218494
8337190
8789591
3463076
9056420
3356449
5912291
3396801
1387809
2227320
8871283
6008219
4159308
9730460
6693383
6312013
8596225
7150009
4364070
2632463
1838563
4809709
4149826
1457307
5852009
3298114
7949777
2435482
8295600
6421789
6628675
4048743
6829620
1622820
3515759
9165518
5958108
7906754
9076554
4405303
7519552
3286307
3813930
8620346
4767282
5111091
9106964
1430006
6793151
6334416
3800456
6033913
4198711
9197515
9513168
3917155
4272531
4990697
1444126
8762409
5560726
8181162
9833768
2864442
5634721
4988359
9171139
4851448
1344137
4821687
3321541
9033565
7769400
4800795
1199093
9518961
9215095
7364470
4712580
5601226
3889390
5237397
5835602
6135880
2681718
7708888
6643803
4044160
2966165
2810482
7170735
6532524
4941484
9022546
8399868
2625107
7173057
6652152
9605895
6492638
9726930
7723607
7944407
3538927
9314556
5989535
6044428
9989501
1596679
4449454
8589408
4364212
4829133
5613485
8690737
8298292
4422804
7201825
6997072
7707692
7493651
7541713
4247716
1678709
9771528
3781589
8335360
5558120
7771109
5057317
5942470
7203614
1712728
6490828
9689315
8459292
2625597
5032946
8007104
7292279
9476182
5359167
6015885
8327754
7307633
3143468
7834636
1463734
2715259
7877373
5407499
2868619
8466090
5144507
7040869
2070190
6729865
6077670
7337890
1866019
1738889
4941002
4970127
5558031
5661681
7003062
4531423
8718096
1816619
7537168
9382625
9438431
2910627
3611378
8539249
9015331
9723093
3159964
6287709
7543290
4016415
2520922
5066732
1393509
4970057
3035765
7574013
4242413
3137693
4411047
1853171
4678217
8599564
4830567
7335683
6817539
9846088
4041373
3835005
6449249
4686124
5818996
2826031
5762720
4905648
5508226
5156410
7031718
2461287
6218180
5034609
5705059
4296152
8276986
4688234
8847463
8615763
3778677
3949966
5980278
4935630
5060615
7741731
2968146
7664702
6173657
9664561
8680654
4795231
2318137
1718861
5213612
2454521
2593222
9204995
2454969
4456275
9301979
3050482
6128731
6921071
7810489
2404762
9201145
5595781
7074588
5924536
8128784
2590870
3337958
1572464
3960035
6290091
1388378
6495531
5362559
5823243
8977529
5596488
6044385
3431745
1180268
1519597
9531767
8838133
7706571
9539288
5277830
5394692
3692141
4372048
9808482
2387530
9258248
9545846
5832235
6392872
2598868
4292151
8379963
8965087
5489025
5356636
4679598
3326901
3989813
1651501
6974742
3627235
2429242
9607506
4528897
5432703
6673032
3979087
6392145
3162896
7244282
7505847
1579988
4175728
7294014
6996081
6043162
5634557
2604422
7391934
1725843
6111252
6012752
3350297
1773256
2250983
8366506
7692921
1278836
9902922
9233955
9721187
1249745
7449983
7028118
9763909
4944169
2969791
4563995
7388291
5807087
4372213
2837356
3032587
4752386
8276534
1769447
1497346
7932806
2155117
6349681
4898402
3049263
9403190
4138266
3009711
1779371
9297419
4799002
4935145
2020132
3852854
8547780
3568360
2347309
4524637
6583241
5329010
1720197
7987955
3677159
3186183
2009801
6684387
5334959
7109562
4129877
6468490
2150276
5793633
3186408
3831204
7181370
1210050
9535468
1188902
6174723
9062474
9858047
6592567
8884890
1504981
4590658
1454643
1561227
6558802
6751226
2561265
8651424
3219254
5566114
5832890
3751882
5809778
6221265
3465750
2559430
8628647
8552287
9650508
2410527
7462864
4256978
3836632
5285438
6404367
6782823
9820532
8327557
4600393
7260982
2569547
1442581
6520111
7377233
9123472
6964347
1719197
3882031
6570043
5298583
3550986
8578724
6110272
5832604
9603445
5029426
6355542
1242622
4842207
9553893
8460003
5936737
9721453
7747541
4654222
8493790
5707355
2170923
1366923
4420967
7619495
2261031
4800214
8519792
4360672
5423514
4370431
7481221
4047626
4744560
7386804
4699102
5356520
5237358
3816266
4382050
4930630
2524276
8693807
7637628
4934520
6534870
5958994
2037699
9021550
5969895
7769847
7251921
8868925
1464418
8581753
3292366
6074142
9200277
7941203
9472038
4133544
5913500
6772191
6275603
9062901
3137967
4904199
7223911
5670038
6867757
5374795
4081789
9655585
1405415
1800824
6875782
3285544
9050748
2695098
6261973
7518668
1235681
5401782
8326816
3828753
3608214
8204777
4639495
9883828
4075083
7778963
1837082
6624991
9813472
2744391
3458138
6803351
5902602
3193234
9987114
7026090
3473125
3880630
4917543
8230304
9259243
4207046
5893390
5270438
1147241
2014178
6479418
4296080
6381753
7637267
9140594
7265328
7730286
9747020
2634370
5289388
6007915
9493981
9034971
7602753
2298439
1184223
1916066
2563432
7507912
1852009
8959944
3650018
1760550
6150499
5236300
3038672
8020408
3088871
2759388
5164112
2760678
9235078
9284362
4338470
2203482
4089528
2054408
4360350
9300235
8558815
8661939
8736157
3476526
2331681
7688241
5539618
8555176
6872128
6669877
5672384
7236915
5912253
9968920
5469172
7914173
7468704
7357197
3394976
8464768
8411137
1732175
3112309
2345867
3607904
1631857
5772246
2569814
2375337
3227006
7877565
5226036
9145878
1627519
9162251
3426435
9776172
2787131
1843920
7242864
6421395
5078098
9135745
6056306
2306420
1888146
6953478
6155389
2787034
7290202
3671467
8449447
4950366
6095053
7937175
6069486
5195669
8842309
8814683
9451225
2048379
4808142
9985876
2076435
8744067
5367804
4722417
5427984
6637450
1490412
1193267
4599129
1267765
8403527
7605534
8395737
6204883
5820849
8937880
1133778
7713391
7271684
6943150
2240264
2805052
6615432
6643382
7003486
8796427
8670403
7935095
3439947
3394360
9996702
5001329
8222853
5637681
2778654
5847403
7431500
3625847
1543705
5134412
5512271
5935893
5203411
9899509
4923903
6174623
3502208
8091182
5998857
1864015
4584647
1162230
4844923
1383187
7514002
3993664
3949495
9055851
2849659
3539536
8155048
6185433
2852560
2245319
9363108
9467661
5915098
5031729
5543033
4918104
6602444
2076302
3058383
8415405
4712178
5851974
8452542
4283771
8770462
4925216
5238591
5304805
6762230
9627608
7379227
3371816
7094919
5760817
2839353
8742011
9330883
9691337
9749881
1909466
5577620
4629186
7609696
1715426
3475140
3058281
5381029
7163093
2898676
5541776
2362125
4595821
1950504
6072795
9339759
5996006
9702322
7995510
8044295
1613835
6752613
4001143
8702215
9421597
3138890
8596924
5363334
9650199
7595281
3331777
4123615
3379546
1186674
1261183
1805842
9100916
9195633
8828257
7033087
5499143
7549947
1552344
6170242
4554848
7825708
7504970
7729199
6712664
1609825
7507722
6053409
1413780
4783198
6956472
6097496
9569574
2731581
7251460
5662398
5569056
4631929
7274166
3775919
6294846
1945701
4442283
5859259
8604545
9181590
3762154
8563281
7360552
6506264
9777488
9422878
3947724
1760373
5985480
6094433
3745067
4642902
6735374
3532059
7625935
2725539
3697402
2415324
3576189
7398301
6426170
1741361
3422243
9495247
4643238
6074569
3949098
5682160
3403380
7202356
2690309
8165693
8813367
2846101
8658570
9480770
4287477
4546158
9883469
4318036
4687678
9679273
3428089
7689834
2153600
3713270
5817455
3515962
1121511
8242128
1743340
2212316
5815468
1764358
3000489
7711992
4602188
1821988
1904011
2281072
7277032
3006299
9940361
3429873
1193626
6831144
6012038
9498108
6651141
2628636
1888686
2266208
6206350
6223174
9443834
3767066
3837409
3638756
1161220
8743548
6057825
3934374
4221474
4673100
2161136
1837417
4276042
9128495
4722547
1693570
1234933
4235806
7898998
2098804
9406537
3004753
9236426
3151127
3576214
8670603
2303000
8059181
4912945
2437636
3839401
2673779
8887773
3825790
2493805
9172037
8657810
1669791
2045984
1541773
2132597
9980823
1969981
9213967
2019993
6803288
9427070
5247519
5799946
9344538
5223732
4053730
9823917
4125104
5724671
5776366
9156111
6856014
8252122
7931878
2747312
9476519
9593635
3672111
3279661
9921629
6410277
2100553
5009408
2809140
5771866
4658679
4205203
2627499
1177003
7100405
6607414
7928788
2690662
3887720
4766288
5252576
1724926
9794425
9478519
6328927
7819192
5441717
2673377
6323039
3341215
8838812
5509094
3674126
2895446
2460770
6274198
8175648
2712975
5852990
5502493
5120460
4439046
5377928
1915151
7638854
3048709
7512379
7868328
1382479
7915173
4082306
6666275
4791887
4050733
8143028
6088401
8428923
2638096
2796447
2967505
8687560
6678768
6117863
8486119
3547695
8860820
3115245
6417011
3925923
8913544
7819559
6427778
6678164
5439009
4902953
5296010
4550668
4482553
3637229
3411221
5434275
6986242
1288563
9628788
6536332
7432568
3194196
6713881
5280235
7973322
9968041
6110343
7357313
8625665
3127546
9967917
9250958
6424800
3956722
5682897
5016127
8560566
7683571
7999078
8947466
4942762
7478793
9908224
5665660
7080947
4887147
5302924
9049788
5209504
3378146
4856259
7928392
3229049
8313143
7659043
2942187
7152737
8857548
4918791
2691002
5201012
3543594
4296228
5388210
1695304
9994429
6677500
5078954
3874283
8384993
5445155
7151405
4918239
3156910
8980500
8740690
6231186
5440446
7575952
8237886
4118980
2321065
1663295
4761379
3916084
6253376
1239322
3048721
2776484
1852626
7557513
6703852
7469241
9229580
7625133
2305023
9020440
8002608
3917495
2509695
7540027
9865111
2433488
8676468
8722007
2526834
8645859
3179575
9321378
1357878
1314076
9835706
2846784
8929225
6851569
6213358
1128191
9356332
2956480
3194334
6661046
8002470
6542319
6857895
4990563
7341348
3614815
9459207
2208121
3949035
4660645
4016861
9367321
4994741
8550412
5716377
8523283
6741195
5469605
4879728
7987724
2641128
9519350
3860472
5553508
6820292
3965055
1562735
8908308
7507236
2058930
6541779
9058742
6275760
1762746
8456520
8532509
4310176
5930561
9331626
1804783
4232717
6743987
8320926
6667203
3580313
7535917
4401409
3140754
3922195
2775358
9678838
3668307
4501889
4866970
2455665
8531497
4557228
4123908
2909994
6273839
5164654
2058847
7242749
1204239
7478645
4966203
6456768
8527827
1655755
1448854
8605462
5137640
5068177
9632914
4121089
2220895
7941880
9200346
3444490
3333485
2670976
9221663
5029025
5379277
2709951
5284176
4583544
8519323
2162204
4169381
3098633
9140127
6485905
5716801
5703434
7377280
8924182
5976037
5357143
3234063
5224171
8740730
2264287
8461354
6056022
6747482
6924809
5801537
2754218
7454655
6432266
6318702
6916242
3688530
8024391
6528834
9753753
6834439
8766181
5838422
3849411
5309165
5659428
2545444
5466320
2175689
2466949
2055765
5054244
3702209
3697555
3318544
3027650
1325097
6021960
6993040
6549167
2728919
2090401
2256466
2401528
4671199
6209325
4177560
7494932
7568611
2628636
3041831
1573364
4081494
4414040
6698078
7768971
7926728
2063243
2729815
6673660
4187885
1770153
1995696
5160041
5624767
1337492
7162937
8014592
7838252
1134300
5896721
4697275
2177884
6297805
3670060
1303681
5305114
9007301
7366818
3950450
7926246
6531639
6203350
2078289
6204723
3127332
2758265
5008452
3099485
9518420
5820034
3935159
8640736
1199093
7452983
7411031
9389000
9123753
6015632
6924154
9706774
9327477
1275235
9662028
6790574
9457216
1875047
3025429
5115101
5859294
8663880
1325096
5133987
8512923
8467918
2567008
9083886
3390503
4185271
8587689
1777942
5239489
8550137
4128982
8810180
1137318
6747091
9846065
6568348
5247764
7776983
8003296
6752769
6076562
9731470
8189794
1128522
2263844
1483271
2454946
6406119
7038862
2604843
8601264
9451488
9585148
9797391
3758657
3579437
3482148
9013994
7860256
4980761
9454244
9964305
3492060
7267069
6071508
9372921
6618246
7073391
5686116
8843726
2514419
7146014
2577605
6432407
6929691
9668603
9836425
8535938
8823718
1716287
6359021
2912541
9262135
5067265
9493514
9805238
2344064
7094381
3411738
9097101
8800024
3178476
4978034
9340723
7996265
7144781
7531356
7185224
2671658
3883699
4840481
4295704
1197542
7442510
4885623
4617764
7969910
8365924
1980841
8246950
1772640
9556244
9790036
5360959
4836396
3252906
5640711
1651739
8276010
2868694
8330428
4109728
3173932
5833868
7734301
7824452
8743093
7705122
1825896
2107416
9999791
3002608
8177830
8853524
6154887
6247171
9696489
8064651
3692951
9683000
7276092
1592647
8972880
8038553
8558420
5223691
8278066
2100868
3029281
6951629
5058814
7730607
5227718
8472893
8496165
8235471
2321532
7331308
3733927
8719835
4155839
5848187
7412422
1608409
9904428
4184012
2161752
9202476
9569973
6436764
4817166
5131082
7721320
9311124
1434057
8586437
2471976
2171196
3916818
8206941
7064550
3582323
3443952
2514236
6021896
6111202
5015655
9085743
4692403
5319864
9765478
8256135
4106681
8953523
6603774
3267523
7931532
7429266
4393884
9694454
1681552
8901663
8758742
8141027
5213368
5796368
1938393
9199111
4578458
5606935
3375502
6837761
3634253
6312247
5619627
1536630
8244916
8997047
5090734
7538539
3927738
1367717
7459281
8543014
3965419
2490496
2839668
5603083
3775313
4463480
9547383
9074513
4335775
4923800
7686188
5445532
4084465
1392214
8411950
9419285
4989376
9894260
3604410
9507608
9232151
7633033
5506810
4143765
3909383
6585253
5586411
9832036
8988505
3138575
2621518
8864178
8609227
4079265
6294302
6721274
3497879
2928477
3804218
1785207
2871148
2566711
5670158
9768726
7666810
6778898
8409446
1730704
8123367
7470942
8392542
8004809
4021392
7976112
7943917
1859264
1242697
8283354
5496343
9575366
7934488
5629562
3904287
5951137
1461449
3244808
5617735
9284620
1288104
5259553
9480772
4684585
1548462
9240485
7731626
8817001
7613300
3011698
5514069
7701737
7271601
4461641
1970578
6854748
8112409
3368678
8682966
9333876
2010520
6390812
4326863
4067560
8235876
5554392
5292390
3125601
8662399
3798240
5248443
4498601
7720579
6613031
8870727
1915794
3312619
6318066
5790704
9377726
2043481
5255430
6789429
9645417
4722297
2959940
3966836
9197871
5360630
4373667
1694237
4356508
7204614
5266339
1997093
4422506
8147758
9374478
4600007
3917908
2204694
2332633
7944142
8358311
3970105
4788534
3228820
4435714
3358440
8883986
5318570
5651926
9268746
7926805
4798721
6856476
4127113
7426549
9402019
9409020
3068356
9324244
4231944
8232103
7392302
8098433
6120752
8609249
5966691
4582758
6241756
8628126
3291011
7891288
8279122
5242036
8070592
2208919
5518099
6596653
5140171
1703356
9992308
7267216
3918689
9640853
8059666
5361471
9785879
1751654
3453532
8446428
8618501
3033730
5250203
5322554
3191144
5564238
7024731
7778521
6174616
9730206
4668759
9800273
1591138
4242344
2469069
8768451
1986499
3955783
8183950
8799461
9051186
6746831
1294519
3253170
8930666
1121093
8843056
5185122
3618807
3834476
5241574
2699072
4205694
6134076
4710200
2879729
6831889
3435409
5791317
2917259
8026447
8836101
3521161
8406664
5609616
2503385
3037659
1959868
8737101
2583380
9239973
8395322
7924612
6854795
5051949
3521139
2826352
6760655
2658737
7362467
7854159
9420713
1748452
9584095
4094548
5643546
2712961
6703535
4261092
6991310
3565324
8897071
4632068
5799608
1276549
5373525
9963674
5579219
8443881
8429139
7210530
1374705
4872356
5931744
4385379
9335042
5134932
6630610
9681817
9744371
9037107
6937496
3974464
4348444
5631266
4709780
5091802
6315027
6492621
4757348
3363798
9765708
2167304
6224427
6378732
3409472
8517864
8836006
4123278
1312443
5893329
6962442
8357635
7687280
8412327
7452962
5728944
8822969
8576720
3734772
7634398
7832524
1997097
1821960
9304552
5825821
9392377
7619087
7375477
2426365
5459390
9175127
9257489
6500989
4608089
5608903
5797664
2170151
2526737
5022472
7244898
1647605
6966409
2728308
9849196
7193342
2881395
8342354
2746551
7690560
5167962
1696257
6876051
5509320
3452150
4560951
3676627
1214504
8378740
3265295
8810333
4355824
6848132
3847200
2272202
4153666
4109571
6009448
5978132
4619660
1860143
7850927
6151788
9834074
1880466
4157653
2476528
4860251
2697295
5593025
8369602
8326597
2521487
6588658
4643945
4313885
2339776
2422800
4256764
2726325
7200786
1162638
2200550
2359479
8766702
4137816
7127531
8688557
3587217
7164800
8318730
9366214
1500799
5277580
1702995
8188045
5927609
1528415
8861109
8779088
8548226
1237753
6309620
6221334
9992737
2864060
9442787
7669616
8025260
7076711
1887680
9878928
8159004
6550109
4258633
1404788
4758230
6245460
5981769
4226910
8743574
1185971
2852436
5591539
1865695
3847230
9008084
1512348
3552618
5586589
3842932
3378455
7488330
9355914
7018161
7203258
5325769
3531569
3916848
9045930
1405414
3295926
5934590
9111774
3621632
4455670
6929212
7513023
5941937
8335342
9962407
3171718
4158626
2639145
6703668
8754862
7397214
6658655
7234484
7142903
2493069
3646063
4775010
7756758
3736122
4359418
2327527
1221013
5034576
1609152
2184859
2481453
6563571
6351936
7190352
2107378
2540670
3387606
6207581
1680731
8931149
2963766
6194163
2370523
9774605
7645262
4653132
4252050
5347635
7375423
4337127
4723852
9645438
7113991
3479388
1870523
4176532
5447721
1139070
9136305
6025051
7146498
4040529
6225830
7146262
1315677
8327041
1292324
8950318
8004032
4007657
4238802
5864086
1537364
4528432
9777721
7584539
7896207
7688743
2928777
8435664
9090155
4199603
5630524
1752418
6180569
7073551
4356775
8259136
3042079
9197502
5837684
1957051
7323344
4610573
2013220
2168170
9392124
6113659
1395533
1186798
4737827
4843598
5571009
2006077
1713202
9338640
8257962
9716065
4905484
7435966
2512352
7619861
8530916
1535928
9122266
7874631
3580290
4866034
6010721
7163145
2270980
4311867
5405782
9998013
3308763
7385650
5181605
4025956
6150628
1992414
5512610
1764546
7249475
4126686
4808571
6711589
9500323
2550154
1250646
7504077
6372396
8617524
5142193
3543171
5183293
5768572
9521178
5899391
3020751
9618303
2327878
4742690
7187546
8963648
3910900
8141935
9665656
1699101
6795677
2247318
8498250
5759005
2306678
2760920
9856583
4129386
2867647
5830126
4910693
4998132
6282374
6234162
5821499
6622433
8176117
7264557
1467821
8360847
3076702
5406903
3472557
7625423
3101150
1831251
7181040
3755633
7227817
6170758
5885908
3843375
6892538
4513555
8185305
8530427
6366221
4660998
4224492
5195879
8207536
8369518
9250427
4556403
3941728
8862738
8605279
3192583
3607582
8693865
5598854
1846943
4901463
2680208
7829655
8928556
1198465
7685345
1764486
4243411
1604215
9419173
2372016
1878700
9033415
8592606
9037448
1872065
5536383
2606817
5421704
7092708
6366516
8995542
1467801
9790471
7867476
2621596
1896920
9608979
8971775
3060423
8634098
5407514
7221039
4148726
5470637
1225182
7099087
8725618
3737711
5186001
1176099
1319851
5772650
5045467
6402065
8858018
1507288
4253002
6887940
5076669
7173312
3096310
1193914
5057786
2436873
3541010
5647502
3728563
5956165
4767359
9662900
3752954
4595182
6136509
7662634
9189819
4298381
5309296
9742299
8887123
7206101
4940012
8884994
4555725
4505470
6800019
5970209
4753051
4350704
8976162
3284703
9634133
7662059
6747403
4514850
3622490
2771226
3547997
7386379
1715050
4559382
1757658
5271228
8746581
6702744
4235177
7096536
3125284
9406985
6211167
8397601
2078628
2272684
9362505
5410162
1830641
2252447
3980769
1223694
8890174
4403605
3872279
7232755
2630091
5499859
6791239
7976072
4833978
4382016
3243699
4159683
3919063
3656678
7578042
1745465
6004916
6225041
5518035
2881856
7747266
4337776
8817590
6381700
7566230
2124768
1937285
6021035
4234647
8628767
8856686
7779475
9958051
7664674
6568501
4240494
3130993
7265616
1382499
4937590
9086337
2254090
4330276
9070357
4683322
8870927
2183719
3067343
2723017
5471852
3304058
6316222
9859918
1947211
9463328
3185265
5110361
7531771
9502129
2176046
3299216
8615007
5878571
7408299
3131653
3521964
7278548
6966017
6171084
9192997
5809065
1704852
8008929
7411971
8332041
8159692
5453819
4909928
6430404
6091871
4700028
9859221
5364367
8133565
9256271
1338472
9899205
8873515
3803617
2459447
7043213
2580050
4699982
5225154
6575225
1417042
6013208
6018695
1425449
8220408
8908070
9842273
3865046
3757368
6317432
3635067
4876605
1550830
4473684
2783674
5977785
1384489
1675613
3817413
6585027
9151919
6754497
3776344
7429784
7938266
3622604
9174280
1925609
9295637
9086308
7374019
7285077
6674909
3749769
8218441
7671479
4546598
7602109
8134028
3652845
4569315
8540972
9384923
5010433
1978297
7753496
6559233
3603974
4442733
2514803
4639011
4895206
3906179
3793339
8841942
1380403
3357957
9002946
7982280
6787456
2828809
2765664
3876004
4017691
8578193
6902906
5954532
6196350
6001516
4443808
8205792
2178807
2128400
7128561
1716597
9524490
2419371
7335245
6805709
3959781
8557506
5961294
1672361
5937403
2657207
8662169
8034966
7116302
2052915
6595824
6693576
5972053
2765427
7360758
3479034
6184257
9472317
6777475
6117000
3569169
8464944
5407957
8161677
1227346
5634076
4905742
7934692
5255417
6013255
3871653
7509752
6112274
5209983
8450000
2041162
8145598
5255569
7158873
2913471
7251342
4426357
3514042
4668888
9844871
3093059
5343401
4726884
1825895
5815372
4642676
4373484
6940105
9689632
4320782
3128376
4126777
9956957
1826343
1979860
8750368
7683997
1784669
7224348
2078830
6965353
9531844
7378706
3772023
7514971
5669702
1950857
8666995
2738301
4259621
2617839
1306573
7394055
4844676
2095299
5730386
5948359
3218607
8171111
1191270
1331894
3757970
1568539
7626970
3659527
9913783
7076269
1666898
1594678
8422988
3330342
1204244
8196876
6428440
7858429
8074219
8191778
7581673
6050800
8963912
6239959
2156789
3323025
6623116
4782966
9673564
4276760
1729919
2459261
4760089
9947090
8454102
7030074
2423483
5295270
4751393
2116491
2608474
2863540
8551324
3707906
8160382
2012472
7579071
7524813
3929135
9188363
4463987
2692152
3467850
9775252
1975877
4786781
7077345
8756304
7636850
4372624
2301661
7764841
6848370
8801052
4646528
3794675
3919419
2912456
4265033
7912689
1127083
8835563
7503945
3282798
8372495
9032302
1351826
5192640
2625620
9987624
6203574
2120454
5823619
2902667
6978508
5989592
7311522
9049099
8735255
4461451
4592646
9210578
1387390
2495840
8938249
4167368
2982515
5739273
3696849
3055508
4871942
6164707
6524712
2809225
5546033
8004700
6902470
6144420
3840249
6097016
4200336
7323926
8638398
9407773
8266572
1871679
9495337
8214436
1700066
5941381
5951731
5750641
7529831
8010484
2754267
3661308
3115406
8974137
9158307
5158562
3184958
4067442
7677085
9917371
6096904
7689789
3543968
5956638
9096099
7200590
7641563
7522023
3021460
3106011
1510654
3778796
7374014
8217223
9867554
9569249
1123350
4438281
1530255
4156539
3857618
4876294
9726656
4853728
9729315
4208030
6645976
2609203
7149453
8489025
8941556
5465056
3827048
1362043
9701251
7198109
1322619
1364476
9878719
9136847
6312185
9297337
6945900
6063117
7027894
8134199
6538977
6120619
8107341
4774178
6310551
2151617
9794039
1999788
9848858
8668387
7597001
8876097
3012919
5487612
3385724
2072357
2828777
1469024
7229391
6796207
1559342
1727492
3325718
3975318
4374649
2128544
3550944
5283406
4729305
8827361
4403000
7871100
1442246
2430085
5311501
1243240
5800316
7486064
9321310
6549948
4207003
2852369
7009962
3334197
9497266
6599540
5767538
7455558
7154966
7582712
6143211
1854623
3521866
3596724
8653169
2153941
9468969
9817348
8853165
4251510
6687614
6345963
3938284
9234882
7407794
1884383
8702853
9864609
6521767
2862935
2950865
3386852
9854691
4922693
1810335
7285264
6165944
3183336
3504550
2268618
6788768
8459632
8115913
5024953
5107275
8762790
6625796
7643649
7572765
2410110
1824352
3820870
5856415
5848210
6696045
9123077
5878726
7736773
7775132
5213524
8868828
2986803
3158359
2494242
8943321
5273211
4381812
6787954
7066415
3927973
9573652
7557969
3547107
2586709
3423959
4756492
5179547
4090547
4339790
9956534
3917546
5291830
8386335
1918872
9019786
8426034
5927227
5697685
5038640
1134389
3909233
9957869
5485272
1206466
8825108
6061762
6629084
8875995
3236635
6219548
6773165
9527682
6172183
7298718
5492720
2815208
8708979
4906569
4254768
7163979
1562446
7505354
6962244
4699253
4691092
8011851
9373698
5543912
6912177
9444011
6601806
3966115
5684538
6024949
7686882
2425826
5579645
8674012
6401818
8744136
4204633
1732360
8895673
5227357
8146411
2653835
6846088
8263497
8585905
2916729
8523230
4543301
7476943
3742922
3770347
8014658
8143756
5619878
4783778
2589884
9896133
9383028
7992855
5515919
7234197
7479144
3354577
9303460
9408921
5692273
6949573
6358282
8290123
2071984
3177206
5891463
2570379
5599151
4223681
6157353
5046116
1280229
9281400
8870903
7774875
4115851
8125975
8344846
3456624
5716198
1510727
7934128
1402317
6819376
9503960
2420145
4154101
3545476
2132604
7396663
6638062
2668297
9094868
4266372
3689834
7453904
5923417
9182394
5422305
4215483
2905987
4900898
6265178
1837292
5209501
7779419
7966943
3765863
6414786
8970482
1889015
9707853
5409906
6743133
8194399
9037211
9414551
2635731
6456045
1890761
2292614
2065835
5157644
9949196
2397439
7113162
3904252
4453929
3682114
9925043
3102873
4171976
4813013
1776049
8868766
9734190
5670070
2863130
5990924
3768011
5965819
2720249
8760477
5287191
4033341
5790595
7970745
3145322
2566449
6985826
7330827
7260739
1165245
1574069
5897725
9276883
7092004
7695598
5523159
3955133
8695092
2227974
9913138
8533762
8441385
9643825
9983267
4374204
3156811
7296663
5656930
6241405
9432081
2328941
8394938
6097634
9179195
2074992
4645219
6380784
2949420
3199029
6058668
5601207
7757363
7262769
8426518
1418694
6482317
9352700
8405755
8464027
1855020
3703915
9018721
8604769
1451866
3321578
2850257
9074142
5553743
9368957
8510755
5141961
7741621
1448143
7400382
8608504
9379750
6924005
1133631
7370335
9257001
9488175
9993177
1145921
7124966
2961124
4785758
2179749
2328459
9008412
5954591
7273547
6589564
4934154
6040565
4836023
2194358
4473126
2858704
4921407
5556316
2245145
4223067
9226368
1862578
6560520
9886930
2617112
2504835
5146179
8553807
6930446
6787721
2548593
7383170
5410751
5818295
6505186
4793469
8042091
2918295
7609923
1793070
9596932
9631183
5647710
5479512
1337657
4126293
1822113
8698279
7331949
9927699
9754468
5334678
9422467
4715314
3742247
6612078
8536042
1677811
6208266
3567738
3591617
5085079
3773558
8376058
6214287
3895234
8247494
8999943
7011278
6632004
5350794
9978939
8499248
5510703
5512235
3614815
3032297
4368340
8776902
9656034
5455940
4217223
9594961
5270393
3136253
3853804
7854641
1128483
6583351
5461442
5336661
4106974
6318677
6211455
7564579
2345059
8934057
3430202
9505622
6541911
6593003
3767536
5309802
3381208
2685638
5944147
1344992
2922739
6713922
5052335
4769060
5891553
1912191
1736691
2710895
7544643
1135744
3624100
9516833
7757530
8922103
9650263
1460852
6531115
8012514
6019039
4983059
4895109
2235796
2543054
9459936
2485386
8972322
8946323
4849776
7729940
7462985
2649285
9842185
9197581
7829240
1598753
3359971
7977448
4402980
6973681
5302894
5467162
2889103
4002033
8377584
4284265
7854164
7258025
8742885
2533749
5756832
9872442
2279379
7257115
6342469
3274026
2977726
3442798
4480448
5508025
3663266
9932986
8473420
9900430
2270254
3225820
8950970
3516460
9806827
7964193
9707227
6728749
6474345
7119237
8571881
6344004
6691827
5000182
9481179
3432613
7817741
3638508
2752146
9202127
4667809
1916612
4133247
8900446
5847019
2680090
4354768
9917326
6535308
5860135
2125473
7171591
4735745
9006548
5340032
3152796
2346809
9887701
4300531
2438300
2952961
4669947
3105000
8141983
6484149
6307834
6136157
2290428
5732321
4199478
7318826
8540510
4506297
2416516
2741440
5874828
6351287
5937562
1394144
8087316
7036493
3817644
5600905
7957962
4531071
9419669
3257562
6511060
8144550
8139187
4128055
1675171
6929871
5055358
1812620
5223586
4757421
8495351
4813194
8247732
4944143
5359106
6853367
3771560
3217358
5309786
1532040
8468411
7855932
9911441
4614344
1541616
8685803
7545661
2596012
5759472
1632382
2947671
6622709
8645221
1344120
3125490
9402834
1379462
3678905
3791796
5515708
9826780
8452312
3439421
4927154
2873280
6550025
9333061
3568915
6190040
2993476
2809731
3717372
9315981
5604649
8570894
5162098
9140081
4548127
3211303
9136758
2396456
2402660
3150458
5556224
7857103
7765814
2669612
2639918
3326942
4008204
8615878
5337070
4291708
5020021
8556154
5623572
5225568
2099536
2937996
9208817
3996722
9266040
2968180
9524102
9549469
2529599
9159238
2903104
8940438
9280403
8256098
7216376
5051841
4851265
2923800
9306065
9745809
7199461
8387558
2107781
1503702
6130065
9770912
5487158
4249562
5551734
5918629
2633637
4483655
9604995
9889415
4565159
6106731
6475324
2657801
2846435
7648688
1831705
2041463
4485969
1992162
8265416
1872713
9520319
5224217
5390932
2049052
3909924
2841383
8246203
3253547
4818767
7291128
1503755
4046518
3100006
4669491
9390823
8619311
8265348
2619817
7787243
3705653
7241297
5161400
7280808
2204983
5273375
3030982
8967456
8682012
4887274
3316186
9654508
8472596
2348950
3108666
2642291
8898925
3142315
5479644
7710224
1747066
4651226
9210151
4596341
8200913
2672715
3684051
1273477
4149132
9618436
6733700
2737196
5956339
9196026
6349766
7282233
5756515
5885802
9902183
8260063
7080842
4454958
5997317
1995186
8479393
4168777
8190865
8834808
7567227
5202383
9009441
2746844
5955909
7754126
8302362
8069238
5223328
9424225
4182080
2215328
8715612
6230588
2875692
5774238
7664440
5582009
9331641
8862488
2988892
4411630
2588658
1483276
1325813
9063984
1479038
4144702
1864272
5844865
6811261
8665234
4569693
4805047
5023033
6714582
7570082
7238771
8540005
2190108
8201746
8521451
1313846
7472208
2760627
4807573
5448029
7679096
6986569
6459301
5930505
1425208
2512658
6416351
3064879
5953699
8862782
6133009
1372910
8631622
9106854
4078820
9723485
5221435
4742811
8735929
8697480
5209865
1359322
2817757
1630164
3651847
5750880
3452109
1911323
5898171
8579762
8313317
8693862
2871704
8877325
9761995
9511550
9298563
9776967
8872492
2621712
9991151
4866615
5435559
4034512
2688600
7455745
4834496
7107835
4977947
3554278
2010416
9243918
7611424
1665492
9437658
4245034
8835195
6814495
5241748
1606144
9228541
6887373
7388646
7427392
4556992
3777204
9343553
2211458
2958633
1727394
3409367
5318368
1926501
1381405
5884181
8278791
3614067
8141164
3576109
3002735
2753173
9505180
7095874
2936624
2839999
4820229
9953573
3800224
3276266
4142980
5804573
7514402
6781538
7548841
7399874
5179410
8904211
3795866
4443141
2116453
8359284
8914894
1525129
2083921
7963123
6787953
2038500
6029770
7006622
9731203
7937722
1571222
7084555
5212886
9257600
2763022
9975177
1123404
2916727
2290183
4907919
7670223
3041325
5821791
3635055
5440200
7218423
5062781
7264557
7071370
1185094
8435908
5171546
5473212
2041741
9976012
9052503
8740993
5899690
6226084
3844834
3449960
8804474
9607554
9641089
9030757
3586263
7578892
7558508
5432640
2425393
1195432
4090385
9309972
5039566
3564449
2260112
1166708
3577965
2743854
3161015
9464215
9409328
8329463
5393573
2024262
9289740
7673327
6924857
6973817
7176044
1430046
3009760
3239787
9474621
6985138
5956859
2792730
2590331
7552943
5725476
1364499
7932009
8132612
1299687
5462536
8095599
8844626
9640892
8297204
6485324
2721412
2533956
5900117
4216123
8259155
7203213
4377030
9370277
6486191
4631574
4426456
8886799
6621589
2090760
2551604
7165091
3698843
3273335
3593916
2201734
2770028
7552327
9996257
2755633
7792743
1346056
7835275
2566831
2096506
7877460
7177040
2822943
9967853
4617764
3367473
8213012
3647800
5903702
2315059
4381434
3503685
7730239
1440730
2006517
6801592
3180187
5957078
3126151
4932364
7287424
1335011
1598151
6896658
3685570
2154133
4036923
9616523
4045590
9137948
7671678
3563681
1676705
4211906
6418924
9356394
2788153
8254731
1111492
2232578
1799082
4302212
4929596
5618051
3081633
7924871
2980196
5237874
5113652
7388952
4434811
3049073
2514613
6044583
8361257
9193492
3262671
4338982
7780023
7137399
9827164
6062067
3351513
5089464
1887115
2090842
6893021
4915819
4506855
3614057
6281248
3079027
3712375
8538467
8838789
6307516
3258009
8275288
7862776
8220729
3919305
4852072
6452576
3524945
3257337
3873509
7146716
8236417
8343621
8477590
5861566
6136444
4817004
2573425
2517799
6434944
3451362
5204657
5257120
9464537
2393105
4528814
6573717
6777249
1819728
2325912
4258732
7513803
1884728
6065289
5284125
7017339
7650774
4887406
4901477
9455367
6787245
8205961
4466934
8485334
9489441
5240130
5400350
6567800
2724610
5235367
4041138
8515628
2566712
3843144
6338991
9362435
4463715
5384182
2377982
6194976
7686512
3460228
2628201
2465750
7000528
7930173
4000900
3261004
7528926
2701379
5814146
4120839
5814998
8239674
8712640
5186220
5062436
5059378
3060463
1382936
5455495
3914873
4012032
5637824
3842585
9421794
9173461
4243356
6215590
7751978
2789002
7149792
5627294
8306682
6801012
2592004
2503997
4009230
7752136
9142886
1927435
9382148
5090446
6796463
6840350
4196730
3069091
7690474
4669333
2751377
4948913
9413739
6344130
6293591
8847938
9614240
2509294
6019322
2821930
9382540
9953110
4839910
7968144
2795872
7706959
7244714
7461072
5867642
8118099
1415883
2086886
5483968
9158507
2061745
7940826
8328755
5197655
3669820
9193183
2161446
9108577
7406968
8835188
6976453
6943323
8354741
7210305
2971279
1961880
4300909
2676468
1417817
2744678
2534154
5716564
9216688
2129629
1814492
9151412
6214855
7081985
9244186
4623187
8973113
1195449
8755161
6262312
3062397
6128449
5136045
8317356
8243795
9235169
8835069
3361287
6299722
9820389
